ITS2 type profile UID		24019	24991	24017	24021	24944	23937
Clade		A	A	A	A	A	A
Majority ITS2 sequence		A1g/A1	A1	A1	A1	A1	A1
Associated species		S. microadriaticum	S. microadriaticum	S. microadriaticum	S. microadriaticum	S. microadriaticum	S. microadriaticum
ITS2 type abundance local		35	35	14	7	5	2
ITS2 type abundance DB		35	35	14	7	5	2
ITS2 type profile		A1g/A1-A1l-A1cr-A1o-A1dp-A1p-A1dq-A1dn	A1-A1ds-A1z-A1dr-A1bh	A1-A1dm	A1-A1z-A1do	A1-A1du-A1z-A1ds-A1dr	A1-A1z
45882	S2_E_ST_30B	1	0	0	0	0	0
45776	S2_E_LT_33A	1	0	0	0	0	0
45767	S1_E_LT_35A	1	0	0	0	0	0
45908	S6_E_ST_36B	1	0	0	0	0	0
45777	S2_E_LT_35A	1	0	0	0	0	0
45901	S5_E_ST_33B	1	0	0	0	0	0
45914	S7_E_ST_36B	1	0	0	0	0	0
45884	S2_E_ST_36B	1	0	0	0	0	0
45815	S6_E_LT_31A	1	0	0	0	0	0
45907	S6_E_ST_33B	1	0	0	0	0	0
45900	S5_E_ST_30B	1	0	0	0	0	0
45818	S6_E_ST__39B	1	0	0	0	0	0
45877	S1_E_ST_33B	1	0	0	0	0	0
45775	S2_E_LT_31A	1	0	0	0	0	0
45808	S5_E_ST_39B	1	0	0	0	0	0
45913	S7_E_ST_33B	1	0	0	0	0	0
45765	S1_E_LT_31A	1	0	0	0	0	0
45906	S6_E_ST_30B	1	0	0	0	0	0
45883	S2_E_ST_33B	1	0	0	0	0	0
45768	S1_E_ST_39B	1	0	0	0	0	0
45876	S1_E_ST_30B	1	0	0	0	0	0
45912	S7_E_ST_30B	1	0	0	0	0	0
45778	S2_E_ST_39B	1	0	0	0	0	0
45902	S5_E_ST_36B	1	0	0	0	0	0
45816	S6_E_LT_33A	1	0	0	0	0	0
45878	S1_E_ST_36B	1	0	0	0	0	0
45766	S1_E_LT_33A	0.99598549	0	0	0	0	0
45807	S5_E_LT_35A	0.995766499	0	0	0	0	0
45817	S6_E_LT_35A	0.995597884	0	0	0	0	0
45806	S5_E_LT_33A	0.99477456	0	0	0	0	0
45828	S7_E_ST__39B	0.994742278	0	0	0	0	0
45805	S5_E_LT_31A	0.994389147	0	0	0	0	0
45825	S7_E_LT_31A	0.993052386	0	0	0	0	0
45826	S7_E_LT_33A	0.991686603	0	0	0	0	0
45827	S7_E_LT_35A	0.988719367	0	0	0	0	0
45822	S6_P_LT_35A	0	0.979122079	0	0	0	0
45886	S2_P_ST_33B	0	0.979070166	0	0	0	0
45887	S2_P_ST_36B	0	0.977976352	0	0	0	0
45783	S2_P_ST_39B	0	0.97428204	0	0	0	0
45909	S6_P_ST_30B	0	0.974207266	0	0	0	0
45880	S1_P_ST_33B	0	0.973075797	0	0	0	0
45803	S4_P_ST_39B	0	0.972799003	0	0	0	0
45885	S2_P_ST_30B	0	0.971996859	0	0	0	0
45898	S4_P_ST_33B	0	0.971817576	0	0	0	0
45910	S6_P_ST_33B	0	0.970888602	0	0	0	0
45899	S4_P_ST_36B	0	0.970810811	0	0	0	0
45911	S6_P_ST_36B	0	0.970120042	0	0	0	0
45891	S3_P_ST_30B	0	0.969425409	0	0	0	0
45893	S3_P_ST_36B	0	0.968408262	0	0	0	0
45881	S1_P_ST_36B	0	0.967371213	0	0	0	0
45879	S1_P_ST_30B	0	0.963886343	0	0	0	0
45823	S6_P_ST_39B	0	0.960262428	0	0	0	0
45897	S4_P_ST_30B	0	0.959651806	0	0	0	0
45782	S2_P_LT_35A	0	0.95909611	0	0	0	0
45773	S1_P_ST_39B	0	0.958965467	0	0	0	0
45793	S3_P_ST_39B	0	0.956604012	0	0	0	0
45780	S2_P_LT_31A	0	0.95517497	0	0	0	0
45772	S1_P_LT_35A	0	0.954523549	0	0	0	0
45820	S6_P_LT_31A	0	0.951809512	0	0	0	0
45802	S4_P_LT_35A	0	0.951594333	0	0	0	0
45792	S3_P_LT_35A	0	0.950593687	0	0	0	0
45781	S2_P_LT_33A	0	0.950512445	0	0	0	0
45892	S3_P_ST_33B	0	0.948775056	0	0	0	0
45770	S1_P_LT_31A	0	0.948580493	0	0	0	0
45821	S6_P_LT_33A	0	0.947862103	0	0	0	0
45800	S4_P_LT_31A	0	0.94617498	0	0	0	0
45801	S4_P_LT_33A	0	0.944807949	0	0	0	0
45771	S1_P_LT_33A	0	0.942969594	0	0	0	0
45785	S3_E_LT_31A	0	0.939750324	0	0	0	0
45791	S3_P_LT_33A	0	0.93904985	0	0	0	0
45833	S7_P_ST_39B	0	0	0.969638374	0	0	0
45786	S3_E_LT_33A	0	0	0.967210573	0	0	0
45917	S7_P_ST_36B	0	0	0.967068646	0	0	0
45916	S7_P_ST_33B	0	0	0.965973838	0	0	0
45788	S3_E_ST_39B	0	0	0.965688522	0	0	0
45832	S7_P_LT_35A	0	0	0.964699614	0	0	0
45915	S7_P_ST_30B	0	0	0.964014324	0	0	0
45790	S3_P_LT_31A	0	0	0.963433892	0	0	0
45831	S7_P_LT_33A	0	0	0.963312736	0	0	0
45787	S3_E_LT_35A	0	0	0.962324999	0	0	0
45888	S3_E_ST_30B	0	0	0.960331299	0	0	0
45830	S7_P_LT_31A	0	0	0.959497509	0	0	0
45889	S3_E_ST_33B	0	0	0.958048575	0	0	0
45890	S3_E_ST_36B	0	0	0.954768674	0	0	0
45797	S4_E_LT_35A	0	0	0	0.888983522	0	0
45896	S4_E_ST_36B	0	0	0	0.882427767	0	0
45895	S4_E_ST_33B	0	0	0	0.876016093	0	0
45796	S4_E_LT_33A	0	0	0	0.864087954	0	0
45798	S4_E_ST_39B	0	0	0	0.862524932	0	0
45894	S4_E_ST_30B	0	0	0	0.858668299	0	0
45795	S4_E_LT_31A	0	0	0	0.852521048	0	0
45904	S5_P_ST_33B	0	0	0	0	0.963164953	0
45810	S5_P_LT_31A	0	0	0	0	0.959368836	0
45812	S5_P_LT_35A	0	0	0	0	0.959200279	0
45813	S5_P_ST_39B	0	0	0	0	0.955977719	0
45811	S5_P_LT_33A	0	0	0	0	0.942200061	0
45903	S5_P_ST_30B	0	0	0	0	0	0.920089037
45905	S5_P_ST_36B	0	0	0	0	0	0.917884245
Sequence accession / SymPortal UID		965/883-5444-5893-10912-10914-921-10915-3660	883-70735-930-66507-2055	883-2796	883-930-7327	883-930-2069-70735-66507	883-930
Average defining sequence proportions and [stdev]		0.289[0.027]-0.176[0.036]/0.165[0.051]-0.089[0.016]-0.086[0.026]-0.070[0.015]-0.048[0.009]-0.042[0.009]-0.035[0.008]	0.619[0.018]-0.148[0.011]-0.123[0.012]-0.090[0.009]-0.019[0.003]	0.901[0.011]-0.099[0.011]	0.908[0.010]-0.050[0.006]-0.042[0.004]	0.898[0.045]-0.029[0.016]-0.029[0.005]-0.026[0.020]-0.019[0.012]	0.992[0.002]-0.008[0.002]
Species reference							
S. microadriaticum	"Freudenthal, H. D. (1962). Symbiodinium gen. nov. and Symbiodinium microadriaticum sp. nov., a Zooxanthella: Taxonomy, Life Cycle, and Morphology. The Journal of Protozoology 9(1): 45-52"						
meta_info_summary	Stand_alone_data_set_samples output by bcchume on 2019-06-10_07-15-02.209061; data_analysis ID: 52; Number of data_set objects as part of output = 1; Number of data_set objects as part of analysis = 38						
data_set_info	Data_set ID: 278; Data_set name: 20190221_CBASS_84_classic; submitting_user: not supplied; time_stamp: 2019-02-20_23-28-27.750276						