	sample_name	raw_contigs	post_qc_absolute_seqs	post_qc_unique_seqs	post_taxa_id_absolute_symbiodinium_seqs	post_taxa_id_unique_symbiodinium_seqs	size_screening_violation_absolute	size_screening_violation_unique	post_taxa_id_absolute_non_symbiodinium_seqs	post_taxa_id_unique_non_symbiodinium_seqs	post_med_absolute	post_med_unique	noName Clade A	noName Clade B	noName Clade C	noName Clade D	noName Clade E	noName Clade F	noName Clade G	noName Clade H	noName Clade I	A1	A1g	A1l	A1ds	A1z	A1cr	A1o	A1dr	A1dp	A1p	A1dq	A1dm	A1dn	A1bh	70739_A	A1do	70740_A	70738_A	A1dl	A1du	A1dx	4527_A	10098_A	10096_A	8504_A	30814_A	9390_A	70742_A	70741_A	70736_A	10672_A	10539_A	54515_A	54877_A	54878_A	54511_A	7561_A	8177_A	60672_A	1090_A	54512_A	1438_A	1068_A	54897_A	54921_A	10929_A	C15h	C15ao	C15t	C15as	C15at	10939_C	D4	D1	D4c
45882	S2_E_ST_30B	2.782338021673968	1.0190223656905695	0.014756744293290294	1.0176389209130736	0.014526170163707632	0.0	0.0	0.001383444777495965	0.00023057412958266084	1.0	0.0010375835831219738	0	0	0	0	0	0	0	0	0	0.1572515563753747	0.30378141572515566	0.16993313350242104	0	0	0.09730228268388287	0.07666589808623472	0	0.07009453539312889	0.04726769656444547	0.040926908000922295	0	0.036776573668434405	0	0	0	0	0	0	0	0	0	0	0	0	0	0	0	0	0	0	0	0	0	0	0	0	0	0	0	0	0	0	0	0	0	0	0	0	0	0	0	0	0	0
45776	S2_E_LT_33A	1.7737516570923553	1.0183630382481466	0.022683753130063336	1.0183630382481466	0.022683753130063336	0.0	0.0	0.0	0.0	1.0	0.0004909903274905484	0	0	0	0	0	0	0	0	0	0.13119261550547454	0.3298964010408995	0.2061668385132813	0	0	0.07924583885697452	0.06299405901703736	0	0.07075170619138803	0.04846074532331713	0.04085039524721363	0	0.030441400304414	0	0	0	0	0	0	0	0	0	0	0	0	0	0	0	0	0	0	0	0	0	0	0	0	0	0	0	0	0	0	0	0	0	0	0	0	0	0	0	0	0	0
45767	S1_E_LT_35A	1.7045671138479583	1.0151381863499744	0.02433839161351807	1.014918261124551	0.024265083205043617	0.0	0.0	0.00021992522542335605	7.330840847445201e-05	1.0	0.0004031962466094861	0	0	0	0	0	0	0	0	0	0.28898174620628986	0.24759914962246168	0.12264496737775823	0	0	0.0973902206583095	0.08353493145663808	0	0.039146690125357375	0.05384502602448501	0.028590279305036288	0	0.03826698922366396	0	0	0	0	0	0	0	0	0	0	0	0	0	0	0	0	0	0	0	0	0	0	0	0	0	0	0	0	0	0	0	0	0	0	0	0	0	0	0	0	0	0
45908	S6_E_ST_36B	2.6655431432973806	1.0293721109399077	0.01666024653312789	1.0192604006163328	0.015119414483821264	0.0	0.0	0.01011171032357473	0.0015408320493066256	1.0	0.0008667180277349769	0	0	0	0	0	0	0	0	0	0.1574537750385208	0.2918913713405239	0.15254237288135594	0	0	0.09938366718027734	0.08994607087827426	0	0.07867873651771957	0.04564714946070878	0.0399653312788906	0	0.04449152542372881	0	0	0	0	0	0	0	0	0	0	0	0	0	0	0	0	0	0	0	0	0	0	0	0	0	0	0	0	0	0	0	0	0	0	0	0	0	0	0	0	0	0
45777	S2_E_LT_35A	1.7524805339265852	1.0131701890989988	0.0257174638487208	1.0131701890989988	0.0257174638487208	0.0	0.0	0.0	0.0	1.0	0.0004449388209121246	0	0	0	0	0	0	0	0	0	0.2611790878754171	0.25659621802002225	0.16565072302558398	0	0	0.07768631813125695	0.12649610678531703	0	0.033859844271412684	0.031101223581757508	0.022513904338153503	0	0.024916573971078975	0	0	0	0	0	0	0	0	0	0	0	0	0	0	0	0	0	0	0	0	0	0	0	0	0	0	0	0	0	0	0	0	0	0	0	0	0	0	0	0	0	0
45901	S5_E_ST_33B	2.6488833746898264	1.013075014315709	0.014792899408284023	1.013075014315709	0.014792899408284023	0.0	0.0	0.0	0.0	1.0	0.000954380606986066	0	0	0	0	0	0	0	0	0	0.12941401030731056	0.294999045619393	0.18075968696316091	0	0	0.09238404275625119	0.08875739644970414	0	0.07988165680473373	0.05067761023096011	0.047432716167207484	0	0.03569383470127887	0	0	0	0	0	0	0	0	0	0	0	0	0	0	0	0	0	0	0	0	0	0	0	0	0	0	0	0	0	0	0	0	0	0	0	0	0	0	0	0	0	0
45914	S7_E_ST_36B	2.5752220752220754	1.0182385182385183	0.015025515025515026	1.0182385182385183	0.015025515025515026	0.0	0.0	0.0	0.0	1.0	0.0008505008505008505	0	0	0	0	0	0	0	0	0	0.13305613305613306	0.27792477792477793	0.1958041958041958	0	0	0.08675108675108675	0.10102060102060102	0	0.07871857871857872	0.04554904554904555	0.04536004536004536	0	0.035815535815535815	0	0	0	0	0	0	0	0	0	0	0	0	0	0	0	0	0	0	0	0	0	0	0	0	0	0	0	0	0	0	0	0	0	0	0	0	0	0	0	0	0	0
45884	S2_E_ST_36B	2.953545836422041	1.01704966641957	0.013713862120088955	1.01704966641957	0.013713862120088955	0.0	0.0	0.0	0.0	1.0	0.001111934766493699	0	0	0	0	0	0	0	0	0	0.16580182851494935	0.2876204595997035	0.16481344205584383	0	0	0.09649122807017543	0.0826538176426983	0	0.07165801828514949	0.046083518655794416	0.04274771435631332	0	0.04212997281937238	0	0	0	0	0	0	0	0	0	0	0	0	0	0	0	0	0	0	0	0	0	0	0	0	0	0	0	0	0	0	0	0	0	0	0	0	0	0	0	0	0	0
45815	S6_E_LT_31A	1.742083839932336	1.0142200137442512	0.02130358936406407	1.0142200137442512	0.02130358936406407	0.0	0.0	0.0	0.0	1.0	0.0005286250462546915	0	0	0	0	0	0	0	0	0	0.13580377438283026	0.3188666279008299	0.18649891631865517	0	0	0.08510863244700534	0.07591055664217371	0	0.07675635671618121	0.0474705291536713	0.040228366019982024	0	0.03335624041867104	0	0	0	0	0	0	0	0	0	0	0	0	0	0	0	0	0	0	0	0	0	0	0	0	0	0	0	0	0	0	0	0	0	0	0	0	0	0	0	0	0	0
45907	S6_E_ST_33B	3.1163939051918734	1.0108634311512414	0.011568848758465011	1.0108634311512414	0.011568848758465011	0.0	0.0	0.0	0.0	1.0	0.0014108352144469526	0	0	0	0	0	0	0	0	0	0.16224604966139955	0.29317155756207675	0.1574492099322799	0	0	0.0984762979683973	0.08831828442437924	0	0.0743510158013544	0.04542889390519187	0.0447234762979684	0	0.0358352144469526	0	0	0	0	0	0	0	0	0	0	0	0	0	0	0	0	0	0	0	0	0	0	0	0	0	0	0	0	0	0	0	0	0	0	0	0	0	0	0	0	0	0
45900	S5_E_ST_30B	3.2300157977883095	1.012954186413902	0.012322274881516588	1.012954186413902	0.012322274881516588	0.0	0.0	0.0	0.0	1.0	0.0014218009478672985	0	0	0	0	0	0	0	0	0	0.13175355450236967	0.29368088467614534	0.17440758293838862	0	0	0.09431279620853081	0.0867298578199052	0	0.08562401263823065	0.05055292259083728	0.05023696682464455	0	0.032701421800947865	0	0	0	0	0	0	0	0	0	0	0	0	0	0	0	0	0	0	0	0	0	0	0	0	0	0	0	0	0	0	0	0	0	0	0	0	0	0	0	0	0	0
45818	S6_E_ST__39B	1.7373496069148242	1.011901142335925	0.022455805064500716	1.011901142335925	0.022455805064500716	0.0	0.0	0.0	0.0	1.0	0.00043434826043521694	0	0	0	0	0	0	0	0	0	0.22364591929809322	0.2619988706945229	0.10598097554619294	0	0	0.11184467706206837	0.10619814967641054	0	0.06680276245493637	0.03883073448290839	0.03301046779307649	0	0.051687442991790816	0	0	0	0	0	0	0	0	0	0	0	0	0	0	0	0	0	0	0	0	0	0	0	0	0	0	0	0	0	0	0	0	0	0	0	0	0	0	0	0	0	0
45877	S1_E_ST_33B	3.053671946589868	1.0145306977353057	0.013745254614478335	1.0145306977353057	0.013745254614478335	0.0	0.0	0.0	0.0	1.0	0.0011781646812410002	0	0	0	0	0	0	0	0	0	0.16795392067024478	0.288650346904045	0.17070297159314046	0	0	0.09674041104856657	0.07618798272025135	0	0.0645372430946459	0.05825369812802723	0.042021206964262335	0	0.034952218876816335	0	0	0	0	0	0	0	0	0	0	0	0	0	0	0	0	0	0	0	0	0	0	0	0	0	0	0	0	0	0	0	0	0	0	0	0	0	0	0	0	0	0
45775	S2_E_LT_31A	1.7217272822555287	1.0200188659469658	0.021381406561157112	1.0200188659469658	0.021381406561157112	0.0	0.0	0.0	0.0	1.0	0.0005240540823813018	0	0	0	0	0	0	0	0	0	0.13158998008594486	0.32517555811759774	0.2007651189602767	0	0	0.0786605177654334	0.06440624672466198	0	0.07829367990776648	0.049470705376794884	0.04166229954931349	0	0.02997589351221046	0	0	0	0	0	0	0	0	0	0	0	0	0	0	0	0	0	0	0	0	0	0	0	0	0	0	0	0	0	0	0	0	0	0	0	0	0	0	0	0	0	0
45808	S5_E_ST_39B	1.7798331346841478	1.0235518474374254	0.021930870083432658	1.0235518474374254	0.021930870083432658	0.0	0.0	0.0	0.0	1.0	0.00042908224076281285	0	0	0	0	0	0	0	0	0	0.18174016686531586	0.2568772348033373	0.12371871275327771	0	0	0.11866507747318236	0.10436233611442193	0	0.07618593563766389	0.047485101311084625	0.040476758045292015	0	0.050488676996424314	0	0	0	0	0	0	0	0	0	0	0	0	0	0	0	0	0	0	0	0	0	0	0	0	0	0	0	0	0	0	0	0	0	0	0	0	0	0	0	0	0	0
45913	S7_E_ST_33B	3.0397626112759646	1.018278931750742	0.012106824925816023	1.0179228486646885	0.01198813056379822	0.0	0.0	0.0003560830860534125	0.00011869436201780416	1.0	0.0010682492581602374	0	0	0	0	0	0	0	0	0	0.12451038575667656	0.2802373887240356	0.20629080118694362	0	0	0.08605341246290801	0.0883086053412463	0	0.08403560830860535	0.04688427299703264	0.052700296735905046	0	0.030979228486646884	0	0	0	0	0	0	0	0	0	0	0	0	0	0	0	0	0	0	0	0	0	0	0	0	0	0	0	0	0	0	0	0	0	0	0	0	0	0	0	0	0	0
45765	S1_E_LT_31A	1.6603428126217374	1.022789248149591	0.021386832878846903	1.022789248149591	0.021386832878846903	0.0	0.0	0.0	0.0	1.0	0.0003506038176860148	0	0	0	0	0	0	0	0	0	0.1995714842228282	0.3040124659135177	0.17354888975457733	0	0	0.07666536813400857	0.0555512271133619	0	0.05870666147253603	0.06342033502142579	0.03467082197117258	0	0.033852746396571876	0	0	0	0	0	0	0	0	0	0	0	0	0	0	0	0	0	0	0	0	0	0	0	0	0	0	0	0	0	0	0	0	0	0	0	0	0	0	0	0	0	0
45814	S6_E_field	1.7692937145195111	1.014729197565591	0.02035493274689306	1.014729197565591	0.02035493274689306	0.0	0.0	0.0	0.0	1.0	0.0005114304710274638	0	0	0	0	0	0	0	0	0	0.14483710939497776	0.32071804838132256	0.17767094563494093	0	0	0.08213573364701068	0.07538485142944816	0	0.07569170971206464	0.04848360865340357	0.043011302613409706	0	0.03206669053342198	0	0	0	0	0	0	0	0	0	0	0	0	0	0	0	0	0	0	0	0	0	0	0	0	0	0	0	0	0	0	0	0	0	0	0	0	0	0	0	0	0	0
45906	S6_E_ST_30B	3.567106395182105	1.0107542299971322	0.010037281330656725	1.0107542299971322	0.010037281330656725	0.0	0.0	0.0	0.0	1.0	0.0014338973329509608	0	0	0	0	0	0	0	0	0	0.15901921422426155	0.29595640952107827	0.13378262116432463	0	0	0.11184399197017493	0.07441927158015486	0	0.08459994264410668	0.04961284772010324	0.049039288786922854	0	0.04172641238887296	0	0	0	0	0	0	0	0	0	0	0	0	0	0	0	0	0	0	0	0	0	0	0	0	0	0	0	0	0	0	0	0	0	0	0	0	0	0	0	0	0	0
45883	S2_E_ST_33B	2.6097194388777556	1.0182865731462927	0.012024048096192385	1.0182865731462927	0.012024048096192385	0.0	0.0	0.0	0.0	1.0	0.0011272545090180361	0	0	0	0	0	0	0	0	0	0.15518537074148298	0.2997244488977956	0.1692134268537074	0	0	0.09619238476953908	0.07765531062124248	0	0.07277054108216433	0.049473947895791584	0.04333667334669339	0	0.03644789579158317	0	0	0	0	0	0	0	0	0	0	0	0	0	0	0	0	0	0	0	0	0	0	0	0	0	0	0	0	0	0	0	0	0	0	0	0	0	0	0	0	0	0
45768	S1_E_ST_39B	1.7071821036106751	1.015894819466248	0.02193877551020408	1.015894819466248	0.02193877551020408	0.0	0.0	0.0	0.0	1.0	0.00043171114599686026	0	0	0	0	0	0	0	0	0	0.26797488226059657	0.23775510204081632	0.0967425431711146	0	0	0.11695447409733124	0.08744113029827316	0	0.05341444270015699	0.054866562009419154	0.033124018838304556	0	0.05172684458398744	0	0	0	0	0	0	0	0	0	0	0	0	0	0	0	0	0	0	0	0	0	0	0	0	0	0	0	0	0	0	0	0	0	0	0	0	0	0	0	0	0	0
45876	S1_E_ST_30B	4.009607686148919	1.0102481985588472	0.01088871096877502	1.0102481985588472	0.01088871096877502	0.0	0.0	0.0	0.0	1.0	0.0014411529223378704	0	0	0	0	0	0	0	0	0	0.17646116893514813	0.300080064051241	0.15596477181745397	0	0	0.09655724579663731	0.0755804643714972	0	0.055884707766212974	0.05380304243394716	0.04803843074459568	0	0.03763010408326661	0	0	0	0	0	0	0	0	0	0	0	0	0	0	0	0	0	0	0	0	0	0	0	0	0	0	0	0	0	0	0	0	0	0	0	0	0	0	0	0	0	0
45774	S2_E_field	1.6909700398072491	1.0184719603324255	0.02199874292897549	1.0184719603324255	0.02199874292897549	0.0	0.0	0.0	0.0	1.0	0.0003491863956980236	0	0	0	0	0	0	0	0	0	0.1405126056288847	0.3241497311264753	0.19180808715692438	0	0	0.08366506040924646	0.0680564285215448	0	0.0725260143864795	0.04672113974439556	0.04242614707730987	0	0.03013478594873944	0	0	0	0	0	0	0	0	0	0	0	0	0	0	0	0	0	0	0	0	0	0	0	0	0	0	0	0	0	0	0	0	0	0	0	0	0	0	0	0	0	0
45912	S7_E_ST_30B	5.531021403413709	1.0089406664860472	0.007315090761311298	1.0089406664860472	0.007315090761311298	0.0	0.0	0.0	0.0	1.0	0.002438363587103766	0	0	0	0	0	0	0	0	0	0.12327282579246816	0.26280140883229475	0.21186670279057165	0	0	0.09536710918450285	0.08940666486047141	0	0.07775670549986453	0.05472771606610675	0.051205635329179086	0	0.03359523164454078	0	0	0	0	0	0	0	0	0	0	0	0	0	0	0	0	0	0	0	0	0	0	0	0	0	0	0	0	0	0	0	0	0	0	0	0	0	0	0	0	0	0
45764	S1_E_field	1.8282323952794708	1.021462845285955	0.02217611204772403	1.021462845285955	0.02217611204772403	0.0	0.0	0.0	0.0	1.0	0.0005835818959927377	0	0	0	0	0	0	0	0	0	0.19465698353002206	0.3042406951108806	0.1710543379587602	0	0	0.07683828297237712	0.05965503825703541	0	0.059330826092595	0.0621838931396706	0.0363117624173259	0	0.03572818052133316	0	0	0	0	0	0	0	0	0	0	0	0	0	0	0	0	0	0	0	0	0	0	0	0	0	0	0	0	0	0	0	0	0	0	0	0	0	0	0	0	0	0
45778	S2_E_ST_39B	1.7951256305095933	1.0155093574694762	0.0205062933107057	1.0155093574694762	0.0205062933107057	0.0	0.0	0.0	0.0	1.0	0.0004714090416254184	0	0	0	0	0	0	0	0	0	0.21958233158911988	0.2562108141234149	0.09654457172488569	0	0	0.12944892283033987	0.09027483147126762	0	0.06340451609861877	0.04869655399990572	0.03827841417998397	0	0.05755904398246359	0	0	0	0	0	0	0	0	0	0	0	0	0	0	0	0	0	0	0	0	0	0	0	0	0	0	0	0	0	0	0	0	0	0	0	0	0	0	0	0	0	0
45902	S5_E_ST_36B	2.3587338804220397	1.0183064297952926	0.01605194336730093	1.0183064297952926	0.01605194336730093	0.0	0.0	0.0	0.0	1.0	0.0008116151140770133	0	0	0	0	0	0	0	0	0	0.1250789070249797	0.2912796464965281	0.1885652448372261	0	0	0.08864640634863379	0.08648209937776175	0	0.08981873929118947	0.047254035530706104	0.048696906844620795	0	0.034178014248354226	0	0	0	0	0	0	0	0	0	0	0	0	0	0	0	0	0	0	0	0	0	0	0	0	0	0	0	0	0	0	0	0	0	0	0	0	0	0	0	0	0	0
45816	S6_E_LT_33A	1.624033687386085	1.0166865690402866	0.022060209917667023	1.0166865690402866	0.022060209917667023	0.0	0.0	0.0	0.0	1.0	0.00031424800452517124	0	0	0	0	0	0	0	0	0	0.14584249890013198	0.3286719879328766	0.1849663754635158	0	0	0.08126453397020929	0.0730312362516498	0	0.07384828106341525	0.04418326943623908	0.03701841493306517	0	0.03117340204889699	0	0	0	0	0	0	0	0	0	0	0	0	0	0	0	0	0	0	0	0	0	0	0	0	0	0	0	0	0	0	0	0	0	0	0	0	0	0	0	0	0	0
45878	S1_E_ST_36B	2.69425	1.0215	0.013875	1.0195	0.013375	0.0	0.0	0.002	0.0005	1.0	0.001125	0	0	0	0	0	0	0	0	0	0.167875	0.290875	0.1525	0	0	0.097125	0.076125	0	0.067625	0.06175	0.045625	0	0.0405	0	0	0	0	0	0	0	0	0	0	0	0	0	0	0	0	0	0	0	0	0	0	0	0	0	0	0	0	0	0	0	0	0	0	0	0	0	0	0	0	0	0
45766	S1_E_LT_33A	1.6934461910519951	1.0135429262394196	0.018863361547763	1.0135429262394196	0.018863361547763	0.0	0.0	0.0	0.0	1.0	0.000532043530834341	0.004014510278113664	0	0	0	0	0	0	0	0	0.14268440145102781	0.31303506650544133	0.19022974607013302	0	0	0.08464328899637243	0.05939540507859734	0	0.07385731559854897	0.05460701330108827	0.045030229746070134	0	0.03250302297460701	0	0	0	0	0	0	0	0	0	0	0	0	0	0	0	0	0	0	0	0	0	0	0	0	0	0	0	0	0	0	0	0	0.004014510278113664	0	0	0	0	0	0	0	0	0
45807	S5_E_LT_35A	1.7565736864386847	1.0230490615739216	0.023801683992661932	1.0230490615739216	0.023801683992661932	0.0	0.0	0.0	0.0	1.0	0.0004703890117126864	0.004233501105414177	0	0	0	0	0	0	0	0	0.19474105084905216	0.26332376875676183	0.16073192530222494	0	0	0.09450115245307869	0.10367373818147609	0	0.0634554776800414	0.04242908885648431	0.03739592643115857	0	0.035514370384307825	0	0	0	0	0	0	0	0	0	0	0	0	0	0	0	0	0.004233501105414177	0	0	0	0	0	0	0	0	0	0	0	0	0	0	0	0	0	0	0	0	0	0	0	0	0
45817	S6_E_LT_35A	1.8491005291005291	1.0197671957671959	0.026582010582010582	1.0184973544973546	0.02637037037037037	0.0	0.0	0.0012698412698412698	0.00021164021164021165	1.0	0.00046560846560846563	0	0	0	0	0	0	0	0	0	0.3214814814814815	0.21993650793650793	0.15678306878306877	0	0.004402116402116402	0.04033862433862434	0.2152804232804233	0	0.013121693121693121	0.00893121693121693	0.007407407407407408	0	0.012317460317460317	0	0	0	0	0	0	0	0	0	0	0	0	0	0	0	0	0	0	0	0	0	0	0	0	0	0	0	0	0	0	0	0	0	0	0	0	0	0	0	0	0	0
45804	S5_E_field	1.8120624354412946	1.0201423160794216	0.019855388499942613	1.0201423160794216	0.019855388499942613	0.0	0.0	0.0	0.0	1.0	0.0006312406748536669	0.004705612303454608	0	0	0	0	0	0	0	0	0.11448410421209687	0.30603695627223687	0.20991621714679215	0	0	0.08028233673820728	0.07626535062550212	0	0.08263514288993458	0.044473774819235624	0.049122001606794446	0	0.03207850338574544	0	0	0	0	0	0	0	0	0	0	0	0	0	0	0	0	0.004705612303454608	0	0	0	0	0	0	0	0	0	0	0	0	0	0	0	0	0	0	0	0	0	0	0	0	0
45806	S5_E_LT_33A	1.7107096645764905	1.0254802428585648	0.02249427689857669	1.0254802428585648	0.02249427689857669	0.0	0.0	0.0	0.0	1.0	0.0004976609933313427	0.005225440429979098	0	0	0	0	0	0	0	0	0.11291927938688166	0.302826714442122	0.22897382303175076	0	0	0.07629143027769483	0.07126505424504827	0	0.08111874191300886	0.04682989947247935	0.04702896386981188	0	0.02752065293122325	0	0	0	0	0	0	0	0	0	0	0	0	0	0	0	0	0.005225440429979098	0	0	0	0	0	0	0	0	0	0	0	0	0	0	0	0	0	0	0	0	0	0	0	0	0
45828	S7_E_ST__39B	1.8193596845366633	1.0250211247770162	0.024880292930241292	1.0250211247770162	0.024880292930241292	0.0	0.0	0.0	0.0	1.0	0.0005163834381748193	0.00474133884142334	0	0	0	0	0	0	0	0	0.17862172565956247	0.2462679560604638	0.15796638813256972	0	0	0.09449816918599192	0.12111538822645761	0	0.07182424185522486	0.043188433010984885	0.04018402027978594	0	0.041075955309360625	0	0	0	0	0	0	0	0	0	0	0	0	0	0	0	0	0.00474133884142334	0	0	0	0	0	0	0	0	0	0	0	0	0	0	0	0	0.0005163834381748193	0	0	0	0	0	0	0	0
45805	S5_E_LT_31A	1.6567387879020792	1.017293724299604	0.020752469159525	1.017293724299604	0.020752469159525	0.0	0.0	0.0	0.0	1.0	0.00042273548287921294	0.005610852772760463	0	0	0	0	0	0	0	0	0.1091041850812805	0.31340071480727105	0.21989931209407787	0	0	0.07720687137312171	0.07267207255678106	0	0.08166480919257522	0.04511740517274509	0.04834556704200454	0	0.0269782099073825	0	0	0	0	0	0	0	0	0	0	0	0	0	0	0	0	0.005610852772760463	0	0	0	0	0	0	0	0	0	0	0	0	0	0	0	0	0	0	0	0	0	0	0	0	0
45824	S7_E_field	1.8190022810671427	1.0201328969552712	0.023752851333928394	1.0201328969552712	0.023752851333928394	0.0	0.0	0.0	0.0	1.0	0.0005950609937518596	0.005950609937518596	0	0	0	0	0	0	0	0	0.11797084201130616	0.29252206684518495	0.23420608945750274	0	0	0.07225032232470495	0.07770504810076366	0	0.07745710602003372	0.04631558068035307	0.04864623623921452	0	0.026976098383417635	0	0	0	0	0	0	0	0	0	0	0	0	0	0	0	0	0.005950609937518596	0	0	0	0	0	0	0	0	0	0	0	0	0	0	0	0	0	0	0	0	0	0	0	0	0
45825	S7_E_LT_31A	1.7319843805466808	1.0174451037070846	0.020893554439880318	1.0174451037070846	0.020893554439880318	0.0	0.0	0.0	0.0	1.0	0.0005578376185404939	0.00694761397636797	0	0	0	0	0	0	0	0	0.1111111111111111	0.2927126122014301	0.2309954865865409	0	0	0.07383741569045084	0.07464881586287338	0	0.08423348039961459	0.04553983467721487	0.049951823114762414	0	0.030021806379633857	0	0	0	0	0	0	0	0	0	0	0	0	0	0	0	0	0.00694761397636797	0	0	0	0	0	0	0	0	0	0	0	0	0	0	0	0	0	0	0	0	0	0	0	0	0
45826	S7_E_LT_33A	1.766925837320574	1.0172846889952154	0.021052631578947368	1.0172846889952154	0.021052631578947368	0.0	0.0	0.0	0.0	1.0	0.0006578947368421052	0.008313397129186603	0	0	0	0	0	0	0	0	0.1069976076555024	0.2943181818181818	0.22966507177033493	0	0	0.07583732057416268	0.07278708133971291	0	0.08564593301435407	0.05053827751196172	0.04820574162679426	0	0.027691387559808614	0	0	0	0	0	0	0	0	0	0	0	0	0	0	0	0	0.008313397129186603	0	0	0	0	0	0	0	0	0	0	0	0	0	0	0	0	0	0	0	0	0	0	0	0	0
45827	S7_E_LT_35A	1.837316851795825	1.0221290573540216	0.02420365648096123	1.0221290573540216	0.02420365648096123	0.0	0.0	0.0	0.0	1.0	0.0006050914120240308	0.007131434498854648	0	0.00017288326057829452	0	0	0	0	0	0	0.1840342308855945	0.25396550978951465	0.21299217703245885	0	0	0.06789990059212517	0.1020875653714829	0	0.05774300903315036	0.0432640359597182	0.03734278428491161	0	0.029390154298310066	0	0	0	0	0	0	0	0	0	0	0	0	0	0	0	0	0.007131434498854648	0	0	0	0	0	0	0	0	0	0	0	0	0	0	0	0	0.0031983403206984483	0.0005186497817348836	0	0	0.0002593248908674418	0.00017288326057829452	0	0	0
45822	S6_P_LT_35A	1.6793186285215111	1.022100895392007	0.021838829438742085	1.022100895392007	0.021838829438742085	0.0	0.0	0.0	0.0	1.0	0.0003930989298973575	0.020877920943437434	0	0	0	0	0	0	0	0	0.5969862415374536	0	0	0.15191089757588994	0.12260318846909805	0	0	0.08643808691854117	0	0	0	0	0	0.02118366455557982	0.007425202009172308	0	0	0.009303341340904128	0	0	0	0	0	0	0	0	0	0	0	0	0	0.004149377593360996	0	0	0	0	0	0	0	0	0	0	0	0	0	0	0	0	0	0	0	0	0	0	0
45886	S2_P_ST_33B	3.0756562017498714	1.0144107050952136	0.017584491336421343	1.0141533710756563	0.017498713329902212	0.0	0.0	0.0002573340195573855	8.577800651912849e-05	1.0	0.0006862240521530279	0.020929833590667354	0	0	0	0	0	0	0	0	0.6313261279807857	0	0	0.13501458226110824	0.12154743523760508	0	0	0.07239663750214445	0	0	0	0	0	0.01878538342768914	0.011665808886601476	0	0.009264024704065878	0	0	0	0	0	0	0	0	0	0	0	0	0	0	0	0	0	0	0	0	0	0	0	0	0	0	0	0	0	0	0	0	0	0	0	0	0	0
45887	S2_P_ST_36B	2.7672172578752594	1.0138099106417546	0.02021843126635978	1.0138099106417546	0.02021843126635978	0.0	0.0	0.0	0.0	1.0	0.0007220868309414207	0.022023648343713332	0	0	0	0	0	0	0	0	0.6089899810452207	0	0	0.14631284411950538	0.12428919577579203	0	0	0.08186659445798357	0	0	0	0	0	0.016517736257785	0.013629388934019316	0	0.008394259409694016	0	0	0	0	0	0	0	0	0	0	0	0	0	0	0	0	0	0	0	0	0	0	0	0	0	0	0	0	0	0	0	0	0	0	0	0	0	0
45783	S2_P_ST_39B	1.6923846263751965	1.0265752250321474	0.020907748726008476	1.026432347478211	0.020860122874696387	0.0	0.0	0.00014287755393627662	4.76258513120922e-05	1.0	0.0004286326618088298	0.0213840072391294	0	0	0	0	0	0	0	0	0.6300423870076678	0.00433395246940039	0	0.13087583940562939	0.11468304995951803	0	0	0.08067819212268419	0	0	0	0	0	0.018002571795970854	0.00866790493880078	0	0	0.012716102300328618	0	0	0	0	0	0	0	0	0	0	0	0	0	0	0	0	0	0	0	0	0	0	0	0	0	0	0	0	0	0	0	0	0	0	0	0	0
45909	S6_P_ST_30B	2.432282518258297	1.0181196265138208	0.01830452066192105	1.0181196265138208	0.01830452066192105	0.0	0.0	0.0	0.0	1.0	0.0007395765924008505	0.02579273365997966	0	0	0	0	0	0	0	0	0.6152352778034575	0	0	0.15614310807062956	0.11028935934177683	0	0	0.07580660072108718	0	0	0	0	0	0.016732920403069243	0.015068873070167329	0	0.010723860589812333	0	0	0	0	0	0	0	0	0	0	0	0	0	0	0	0	0	0	0	0	0	0	0	0	0	0	0	0	0	0	0	0	0	0	0	0	0	0
45880	S1_P_ST_33B	3.053409423470881	1.015803336259877	0.018290898448931812	1.0153643546971027	0.018144571261340357	0.0	0.0	0.0004389815627743635	0.0001463271875914545	1.0	0.0014632718759145448	0.026924202516827627	0	0	0	0	0	0	0	0	0.6236464735147791	0	0	0.1331577407082236	0.10433128475270706	0	0	0.08574773192859234	0	0	0	0	0	0.026192566578870355	0.01112086625695054	0	0.006584723441615452	0	0	0	0	0	0	0	0	0	0	0	0	0	0	0.004975124378109453	0	0	0	0	0	0	0.0042434884401521804	0	0	0	0	0	0	0	0	0	0	0	0	0	0	0	0
45803	S4_P_ST_39B	1.653405315614618	1.0301910299003323	0.02005813953488372	1.0299418604651163	0.019975083056478406	0.0	0.0	0.0002491694352159468	8.305647840531562e-05	1.0	0.00037375415282392025	0.02217607973421927	0	0	0	0	0	0	0	0	0.6203488372093023	0.005024916943521595	0	0.13488372093023257	0.11470099667774086	0	0	0.084343853820598	0	0	0	0	0	0.01852159468438538	0.010755813953488373	0	0	0.011420265780730897	0	0	0	0	0	0	0	0	0	0	0	0	0	0	0	0	0	0	0	0	0	0	0	0	0	0	0	0	0	0	0	0	0	0	0	0	0
45885	S2_P_ST_30B	2.6673645642501964	1.016618686207799	0.020413504318241297	1.016618686207799	0.020413504318241297	0.0	0.0	0.0	0.0	1.0	0.0011777021722062287	0.023684899241036377	0	0	0	0	0	0	0	0	0.5995812614498822	0.004318241298089506	0	0.15297042658989793	0.11763936142371106	0	0	0.08479455639884848	0	0	0	0	0	0.017011253598534413	0.015440984035592777	0	0.0082439152054436	0	0	0	0	0	0	0	0	0	0	0	0	0	0	0	0	0	0	0	0	0	0	0	0	0	0	0	0	0	0	0	0	0	0	0	0	0	0
45898	S4_P_ST_33B	2.7484528230029515	1.016090640769304	0.01828049128820337	1.016090640769304	0.01828049128820337	0.0	0.0	0.0	0.0	1.0	0.000856898029134533	0.023326668570884508	0	0	0	0	0	0	0	0	0.5969722936303913	0.00485575549842902	0	0.15214700561744263	0.12110825478434734	0	0	0.08464248310006665	0	0	0	0	0	0.016947538798438543	0.014852899171665239	0	0.008473769399219271	0	0	0	0	0	0	0	0	0	0	0	0	0	0	0	0	0	0	0	0	0	0	0	0	0	0	0	0	0	0	0	0	0	0	0	0	0	0
45910	S6_P_ST_33B	2.4178894236412725	1.0160816997300153	0.019133701138631293	1.0160816997300153	0.019133701138631293	0.0	0.0	0.0	0.0	1.0	0.0010564620260593966	0.029111398051414484	0	0	0	0	0	0	0	0	0.6030050475407912	0	0	0.14403098955276442	0.11844113158821458	0	0	0.08498650076300035	0	0	0	0	0	0.020424932503815003	0.015964315060453104	0	0.008803850217161638	0	0	0	0	0	0	0	0	0	0	0	0	0	0	0.004343232773799742	0	0	0	0	0	0	0	0	0	0	0	0	0	0	0	0	0	0	0	0	0	0	0
45899	S4_P_ST_36B	2.4676576576576577	1.0145045045045045	0.01864864864864865	1.0145045045045045	0.01864864864864865	0.0	0.0	0.0	0.0	1.0	0.0008108108108108108	0.023963963963963962	0	0	0	0	0	0	0	0	0.5848648648648649	0.005225225225225226	0	0.15666666666666668	0.12513513513513513	0	0	0.08738738738738738	0	0	0	0	0	0.016756756756756756	0.015495495495495495	0	0.008468468468468469	0	0	0	0	0	0	0	0	0	0	0	0	0	0	0	0	0	0	0	0	0	0	0	0	0	0	0	0	0	0	0	0	0	0	0	0	0	0
45911	S6_P_ST_36B	2.7383872651356995	1.0079592901878915	0.019180584551148225	1.0079592901878915	0.019180584551148225	0.0	0.0	0.0	0.0	1.0	0.001174321503131524	0.029879958246346556	0	0	0	0	0	0	0	0	0.6039926931106472	0	0	0.1448329853862213	0.1174321503131524	0	0	0.0861169102296451	0	0	0	0	0	0.017745302713987474	0.016179540709812108	0	0.00861169102296451	0	0	0	0	0	0	0	0	0	0	0	0	0	0	0	0	0	0	0	0	0	0.0050887265135699375	0	0	0	0	0	0	0	0	0	0	0	0	0	0	0	0
45891	S3_P_ST_30B	2.3815046313728443	1.020106935763235	0.018676105128398224	1.019881015136682	0.01860079825288049	0.0	0.0	0.00022592062655320432	7.530687551773477e-05	1.0	0.0006777618796596129	0.026282099555689435	0	0	0	0	0	0	0	0	0.5944724753369983	0.004292491904510882	0	0.15106559228857594	0.12034038707734016	0	0	0.08562391746366443	0	0	0	0	0	0.017923036373220874	0.016793433240454854	0	0.009488666315234581	0	0	0	0	0	0	0	0	0	0	0	0	0	0	0	0	0	0	0	0	0	0	0	0	0	0	0	0	0	0	0	0	0	0	0	0	0	0
45893	S3_P_ST_36B	2.804042858720866	1.0128134320114879	0.016790014359880704	1.0128134320114879	0.016790014359880704	0.0	0.0	0.0	0.0	1.0	0.0009941455870981996	0.026952391472440076	0	0	0	0	0	0	0	0	0.58466806583453	0.004639346073124931	0	0.15320888103391142	0.1286866232188225	0	0	0.08461283552413565	0	0	0	0	0	0.017231856843035458	0.015906329393571193	0	0.011046062078868883	0	0	0	0	0	0	0	0	0	0	0	0	0	0	0	0	0	0	0	0	0	0	0	0	0	0	0	0	0	0	0	0	0	0	0	0	0	0
45881	S1_P_ST_36B	2.3071606525757455	1.0173591577593828	0.018645021297114844	1.0173591577593828	0.018645021297114844	0.0	0.0	0.0	0.0	1.0	0.0008036647110825363	0.02812826488788877	0	0	0	0	0	0	0	0	0.623241983444507	0.004500522382062204	0	0.1414449891505264	0.10455677891183798	0	0	0.07691071285059874	0	0	0	0	0	0.02121674837257896	0.012215703608454552	0	0.01149240536848027	0	0	0	0	0	0	0	0	0	0	0	0	0	0	0.00442015591095395	0	0	0	0	0	0	0	0	0	0	0	0	0	0	0	0	0	0	0	0	0	0	0
45879	S1_P_ST_30B	2.299175068744271	1.0164069660861594	0.018790100824931256	1.0161319890009166	0.018698441796516956	0.0	0.0	0.00027497708524289643	9.165902841429881e-05	1.0	0.0010082493125572868	0.0303391384051329	0	0	0	0	0	0	0	0	0.6131072410632448	0.005774518790100825	0	0.14427131072410632	0.1004582951420715	0	0	0.07974335472043996	0	0	0	0	0	0.026306141154903758	0.01310724106324473	0	0.008157653528872594	0	0	0	0	0	0	0	0	0	0	0	0	0	0	0.004766269477543538	0	0	0	0	0	0	0.004307974335472044	0	0	0	0	0	0	0	0	0	0	0	0	0	0	0	0
45823	S6_P_ST_39B	1.6534563686793258	1.022989118839343	0.018188606784723702	1.022989118839343	0.018188606784723702	0.0	0.0	0.0	0.0	1.0	0.0005333902282910177	0.03568380627266909	0	0	0	0	0	0	0	0	0.6223063793471304	0.004053765735011735	0	0.13009387668017922	0.11339876253467036	0	0	0.0751013441433753	0	0	0	0	0	0.019362065286963943	0.012054619159377	0	0.008000853424365266	0.01562833368892682	0	0	0	0	0	0	0	0	0	0	0	0	0	0	0	0	0	0	0	0	0	0	0	0	0	0	0	0	0	0	0	0	0	0	0	0	0
45897	S4_P_ST_30B	2.872367956710975	1.0154099517703798	0.017409716503940714	1.0154099517703798	0.017409716503940714	0.0	0.0	0.0	0.0	1.0	0.0011763321962122103	0.03387836725091166	0	0	0	0	0	0	0	0	0.5945182919656511	0.006469827079167156	0	0.13716033407834372	0.11433948947182684	0	0	0.09645924008940125	0	0	0	0	0	0.017174450064698272	0.016821550405834607	0	0.012586754499470651	0	0	0	0	0	0	0	0	0	0	0	0	0	0	0.004470062345606399	0	0	0	0	0	0	0	0	0	0	0	0	0	0	0	0	0	0	0	0	0	0	0
45782	S2_P_LT_35A	1.6528685845047402	1.0259071592023536	0.020063746322327557	1.0259071592023536	0.020063746322327557	0.0	0.0	0.0	0.0	1.0	0.00040863027133050016	0.036490683229813664	0	0	0	0	0	0	0	0	0.5928816606734227	0.0044132069303694016	0	0.14412389669826742	0.12283425956194835	0	0	0.08344230140568813	0	0	0	0	0	0.015813991500490357	0.011850277868584504	0	0.007682249101013403	0.016958156260215757	0	0	0	0	0	0	0	0	0	0	0	0	0	0	0	0	0	0	0	0	0	0	0	0	0	0	0	0	0	0	0	0	0	0	0	0	0
45773	S1_P_ST_39B	1.6316042961036459	1.0239368106728315	0.0173866974907287	1.0239368106728315	0.0173866974907287	0.0	0.0	0.0	0.0	1.0	0.0005297885661994894	0.035495833935365796	0	0	0	0	0	0	0	0	0.6395511245966382	0.005538698646631026	0	0.12339257332755382	0.09738477098685161	0	0	0.07330347252323845	0	0	0	0	0	0.02533352598372104	0.010403120936280884	0	0.0071762269421567215	0.013774502721186726	0	0	0	0	0	0	0	0	0	0	0	0	0	0.004141983335741463	0	0	0	0	0	0	0	0	0	0	0	0	0	0	0	0	0	0	0	0	0	0	0
45779	S2_P_field	1.5569687334393216	1.0265559677324383	0.017576399929341107	1.0265559677324383	0.017576399929341107	0.0	0.0	0.0	0.0	1.0	0.00026497085320614734	0.04239533651298357	0	0	0	0	0	0	0	0	0.5779897544603427	0	0	0.15780486368721663	0.12235765176941647	0	0	0.08408408408408409	0	0	0	0	0	0.015368309485956544	0.01448507330860272	0	0.009185656244479774	0.018724606959901077	0	0	0	0	0	0	0	0	0	0	0	0	0	0	0	0	0	0	0	0	0	0	0	0	0	0	0	0	0	0	0	0	0	0	0	0	0
45793	S3_P_ST_39B	1.6625457297842816	1.0245153694125562	0.01921702199234683	1.0245153694125562	0.01921702199234683	0.0	0.0	0.0	0.0	1.0	0.0004205037635086834	0.03792943946848324	0	0	0	0	0	0	0	0	0.5957697321391027	0.005466548925612884	0	0.13510785921533996	0.12211429292292166	0	0	0.08687607754089399	0	0	0	0	0	0.0167360497876456	0.01269921365796224	0	0.008410075270173668	0.016820150540347335	0	0	0	0	0	0	0	0	0	0	0	0	0	0	0	0	0	0	0	0	0	0	0	0	0	0	0	0	0	0	0	0	0	0	0	0	0
45780	S2_P_LT_31A	1.594897202824484	1.0271524987321032	0.01853080014044396	1.0271524987321032	0.01853080014044396	0.0	0.0	0.0	0.0	1.0	0.00035110989739788555	0.04482503023446339	0	0	0	0	0	0	0	0	0.5823742831506261	0	0	0.15132836577848865	0.12304451293254788	0	0	0.08450044864042446	0	0	0	0	0	0.01392735926344946	0.014005383685093435	0	0.01162563882495221	0.019194007724417744	0	0	0	0	0	0	0	0	0	0	0	0	0	0	0	0	0	0	0	0	0	0	0	0	0	0	0	0	0	0	0	0	0	0	0	0	0
45772	S1_P_LT_35A	1.622738225629792	1.023395399780942	0.018488499452354874	1.023395399780942	0.018488499452354874	0.0	0.0	0.0	0.0	1.0	0.00048192771084337347	0.0407447973713034	0	0	0	0	0	0	0	0	0.6015334063526835	0.004731653888280394	0	0.14247535596933186	0.1047973713033954	0	0	0.08455640744797371	0	0	0	0	0	0.021161007667031762	0.01226725082146769	0	0.00832420591456736	0.014764512595837897	0	0	0	0	0	0	0	0	0	0	0	0	0	0.005388828039430449	0	0	0	0	0	0	0	0	0	0	0	0	0	0	0	0	0	0	0	0	0	0	0
45799	S4_P_field	1.635167566640953	1.0232707636924658	0.017528070626553528	1.0232707636924658	0.017528070626553528	0.0	0.0	0.0	0.0	1.0	0.0003857032656209823	0.04615582411931088	0	0	0	0	0	0	0	0	0.5857118368046628	0	0	0.14656724093597326	0.11489671723665038	0	0	0.08944030170566555	0	0	0	0	0	0.01722807919773721	0.0159852575640696	0	0.010842547355789834	0.019328019199451443	0	0	0	0	0	0	0	0	0	0	0	0	0	0	0	0	0	0	0	0	0	0	0	0	0	0	0	0	0	0	0	0	0	0	0	0	0
45820	S6_P_LT_31A	1.7095938861870776	1.0236847091517716	0.020021474136297606	1.0236847091517716	0.020021474136297606	0.0	0.0	0.0	0.0	1.0	0.0005684330196425188	0.04819048822080465	0	0	0	0	0	0	0	0	0.5746857828585865	0	0	0.1519610939177667	0.11772879429040611	0	0	0.09082296469399356	0	0	0	0	0	0.016610876018442494	0.01509505463272911	0	0.012063411861302343	0.021032021726773195	0	0	0	0	0	0	0	0	0	0	0	0	0	0	0	0	0	0	0	0	0	0	0	0	0	0	0	0	0	0	0	0	0	0	0	0	0
45802	S4_P_LT_35A	1.7088651949742204	1.0282324673374381	0.018921760024027633	1.0279321219402313	0.0188717024578265	0.0	0.0	0.0003003453972067878	5.00575662011313e-05	1.0	0.000500575662011313	0.04044651349051409	0	0	0	0	0	0	0	0	0.5890774390549132	0.007959153025979876	0	0.1318015718075787	0.11853631676427892	0	0	0.09245632477348951	0	0	0	0	0	0.019722681083245732	0.014066176102517895	0	0.010161685938829655	0.01621865144916654	0	0	0	0	0	0	0	0	0	0	0	0	0	0	0	0	0	0	0	0	0	0	0	0	0	0	0	0	0	0	0	0	0	0	0	0	0
45792	S3_P_LT_35A	1.7040834057341443	1.023110338835795	0.0193454966695627	1.023110338835795	0.0193454966695627	0.0	0.0	0.0	0.0	1.0	0.0005792064871126556	0.04361424847958297	0	0	0	0	0	0	0	0	0.5760787720822473	0.005792064871126557	0	0.1429481610194034	0.12441355343179844	0	0	0.08954532290761656	0	0	0	0	0	0.017607877208224734	0.015754416449464233	0	0.010367796119316536	0.0174920359108022	0	0	0	0	0	0	0	0	0	0	0	0	0	0	0	0	0	0	0	0	0	0	0	0	0	0	0	0	0	0	0	0	0	0	0	0	0
45781	S2_P_LT_33A	1.7863103953147876	1.0239385065885798	0.021742313323572474	1.0239385065885798	0.021742313323572474	0.0	0.0	0.0	0.0	1.0	0.0007320644216691069	0.045168374816983894	0	0	0	0	0	0	0	0	0.5768667642752562	0.0043191800878477305	0	0.1458272327964861	0.12759882869692532	0	0	0.0841874084919473	0	0	0	0	0	0.016032210834553442	0.014714494875549048	0	0.010102489019033675	0.02035139092240117	0	0	0	0	0	0	0	0	0	0	0	0	0	0	0	0	0	0	0	0	0	0	0	0	0	0	0	0	0	0	0	0	0	0	0	0	0
45819	S6_P_field	1.6986265533028122	1.0224329627207325	0.01831262262916939	1.0224329627207325	0.01831262262916939	0.0	0.0	0.0	0.0	1.0	0.0006540222367560497	0.046370176586003925	0	0	0	0	0	0	0	0	0.5803793328973185	0.004185742315238718	0	0.14388489208633093	0.11589274035317201	0	0	0.09254414650098103	0	0	0	0	0	0.016742969260954872	0.017331589274035317	0	0.010398953564421191	0.018639633747547416	0	0	0	0	0	0	0	0	0	0	0	0	0	0	0	0	0	0	0	0	0	0	0	0	0	0	0	0	0	0	0	0	0	0	0	0	0
45892	S3_P_ST_33B	22.819599109131403	1.0066815144766148	0.017817371937639197	1.0066815144766148	0.017817371937639197	0.0	0.0	0.0	0.0	1.0	0.015590200445434299	0.051224944320712694	0	0	0	0	0	0	0	0	0.5389755011135857	0	0	0.10467706013363029	0.16926503340757237	0	0	0.12249443207126949	0	0	0	0	0	0.013363028953229399	0.042316258351893093	0	0.008908685968819599	0	0	0	0	0	0	0	0	0	0	0	0	0	0	0	0	0	0	0	0	0	0	0	0	0	0	0	0	0	0	0	0	0	0	0	0	0	0
45769	S1_P_field	1.6258072739632903	1.0205642420122365	0.01686777702243372	1.0205642420122365	0.01686777702243372	0.0	0.0	0.0	0.0	1.0	0.0004673691366417403	0.04686437797416723	0	0	0	0	0	0	0	0	0.5877804214819851	0.004461250849762066	0	0.14807104010876954	0.10838715159755269	0	0	0.08242692046227057	0	0	0	0	0	0.02200883752549286	0.014445955132562882	0	0.010324609109449354	0.017377634262406527	0	0	0	0	0	0	0	0	0	0	0	0	0	0.00471617946974847	0	0	0	0	0	0	0	0	0	0	0	0	0	0	0	0	0	0	0	0	0	0	0
45770	S1_P_LT_31A	1.8132487281877359	1.0253268420764727	0.018762649745637548	1.0253268420764727	0.018762649745637548	0.0	0.0	0.0	0.0	1.0	0.0006017176303265686	0.04660576554893059	0	0	0	0	0	0	0	0	0.5937858979268092	0.004813741042612549	0	0.13910617581095125	0.10891089108910891	0	0	0.08571741152015754	0	0	0	0	0	0.0210601170614299	0.015316448771949018	0	0.009518078879711175	0.017395109676713528	0	0	0	0	0	0	0	0	0	0	0	0	0	0.004376128220556863	0	0	0	0	0	0	0	0	0	0	0	0	0	0	0	0	0	0	0	0	0	0	0
45821	S6_P_LT_33A	1.738092337678158	1.0212571567791449	0.01967352905347789	1.0212571567791449	0.01967352905347789	0.0	0.0	0.0	0.0	1.0	0.0006090875867949811	0.047752466804726515	0	0	0	0	0	0	0	0	0.5652332805457425	0.0043854306249238644	0	0.15288098428554026	0.12650749177731757	0	0	0.08655134608356682	0	0	0	0	0	0.01668899987818248	0.015349007187233523	0	0.01193811670118163	0.020465342916311365	0	0	0	0	0	0	0	0	0	0	0	0	0	0	0	0	0	0	0	0	0	0	0	0	0	0	0	0	0	0	0	0	0	0	0	0	0
45800	S4_P_LT_31A	1.6270169871918896	1.0266996865688969	0.018418914212746197	1.0266996865688969	0.018418914212746197	0.0	0.0	0.0	0.0	1.0	0.0003869519792593739	0.047092055875865804	0	0	0	0	0	0	0	0	0.5775258290446156	0.006732964439113106	0	0.13543319274078086	0.11771079209070154	0	0	0.09685408040862128	0	0	0	0	0	0.018651085400301824	0.017025887087412452	0	0.011685949773633093	0.01838021901482026	0	0	0	0	0	0	0	0	0	0	0	0	0	0	0	0	0	0	0	0	0	0	0	0	0	0	0	0	0	0	0	0	0	0	0	0	0
45801	S4_P_LT_33A	1.7291893856779352	1.0270204774021567	0.019750393796195323	1.0270204774021567	0.019750393796195323	0.0	0.0	0.0	0.0	1.0	0.0006058403004967891	0.04840664000969344	0	0	0	0	0	0	0	0	0.5882103477523325	0.006785411365564037	0	0.13273960983884647	0.11201987156185629	0	0	0.09463225493759844	0	0	0	0	0	0.01720586453410881	0.016842360353810735	0	0.01278323034048225	0.01878104931540046	0	0	0	0	0	0	0	0	0	0	0	0	0	0	0	0	0	0	0	0	0	0	0	0	0	0	0	0	0	0	0	0	0	0	0	0	0
45789	S3_P_field	1.7194443051306485	1.0251266362405336	0.01790460905762576	1.0251266362405336	0.01790460905762576	0.0	0.0	0.0	0.0	1.0	0.0005015296654797131	0.051206178845478706	0	0	0	0	0	0	0	0	0.5720447364461608	0.0054666733537288735	0	0.14514268518982898	0.12302522694217363	0	0	0.08631325542905863	0	0	0	0	0	0.01680124379357039	0.018205526856913585	0	0.011334570439841516	0.02166608154872361	0	0	0	0	0	0	0	0	0	0	0	0	0	0	0	0	0	0	0	0	0	0	0	0	0	0	0	0	0	0	0	0	0	0	0	0	0
45771	S1_P_LT_33A	1.8516746411483254	1.0203735144312394	0.019756135206050317	1.0203735144312394	0.019756135206050317	0.0	0.0	0.0	0.0	1.0	0.0009260688377836086	0.05703040592684057	0	0	0	0	0	0	0	0	0.5959252971137521	0	0	0.13173329217471832	0.108813088439574	0	0	0.08504398826979472	0	0	0	0	0	0.021453928075320264	0.014894273807686372	0	0.0106497916345115	0.018212687143077635	0	0	0	0	0	0	0	0	0	0	0	0	0	0.0048618613983639454	0	0	0	0	0	0	0.004244482173174873	0.004167309770026238	0	0	0	0	0	0	0	0	0	0	0	0	0	0	0
45785	S3_E_LT_31A	1.5916114790286975	1.0287736926238866	0.01918246174925782	1.0287736926238866	0.01918246174925782	0.0	0.0	0.0	0.0	1.0	0.00038060439978686154	0.05598690720864734	0	0	0	0	0	0	0	0	0.5640176600441501	0.004262769277612849	0	0.14303113343990256	0.12548527060972825	0	0	0.09298165486793028	0	0	0	0	0	0.014234604552028622	0.018383192509705413	0	0.014310725431985994	0.023292989266955926	0	0	0	0	0	0	0	0	0	0	0	0	0	0	0	0	0	0	0	0	0	0	0	0	0	0	0	0	0	0	0	0	0	0	0	0	0
45791	S3_P_LT_33A	1.6745251794897906	1.0256123020520393	0.020011202199704668	1.0256123020520393	0.020011202199704668	0.0	0.0	0.0	0.0	1.0	0.0005091908956667855	0.05504353582157951	0	0	0	0	0	0	0	0	0.5568511635011966	0.005906614389734712	0	0.1461887061459341	0.1284179438871633	0	0	0.09379296298182188	0	0	0	0	0	0.013799073272569887	0.01853454860227099	0	0.012678853302102958	0.02383013391720556	0	0	0	0	0	0	0	0	0	0	0	0	0	0	0	0	0	0	0	0	0	0	0	0	0	0	0	0	0	0	0	0	0	0	0	0	0
45833	S7_P_ST_39B	1.4601736888527037	1.009396838320103	0.011194789334418889	1.009396838320103	0.011194789334418889	0.0	0.0	0.0	0.0	1.0	0.00023746522830585522	0.024357147703372006	0	0	0	0	0	0	0	0	0.8796051292489314	0	0	0	0.006004477915733768	0	0	0	0	0	0	0.09003324513196281	0	0	0	0	0	0	0	0	0	0	0	0	0.015570934256055362	0	0	0.008786213447316643	0	0	0	0	0	0	0	0	0	0	0	0	0	0	0	0	0	0	0	0	0	0	0	0	0	0	0
45784	S3_E_field	5.254420992584142	1.002281802624073	0.014831717056474614	1.002281802624073	0.014831717056474614	0.0	0.0	0.0	0.0	1.0	0.002852253280091272	0.031374786081004	0	0	0	0	0	0	0	0	0.8864803194523674	0	0	0	0	0	0	0	0	0	0	0.08214489446662863	0	0	0	0	0	0	0	0	0	0.02167712492869367	0	0	0	0	0	0	0.009697661152310326	0	0	0	0	0	0	0	0	0	0	0	0	0	0	0	0	0	0	0	0	0	0	0	0	0	0
45786	S3_E_LT_33A	1.5019185302895237	1.0287198170613543	0.013681640246502074	1.028409751560017	0.013642882058834929	0.0003100655013371575	3.8758187667144686e-05	0.0	0.0	1.0	0.0001937909383357234	0.022867330723615364	0	0	0	0	0	0	0	0	0.8629898065966436	0	0	0	0.00992209604278904	0	0	0	0	0	0	0.10422076663695205	0	0	0	0	0	0	0	0	0	0.022867330723615364	0	0	0	0	0	0	0	0	0	0	0	0	0	0	0	0	0	0	0	0	0	0	0	0	0	0	0	0	0	0	0	0	0
45917	S7_P_ST_36B	2.9520408163265306	1.007421150278293	0.01595547309833024	1.007421150278293	0.01595547309833024	0.0	0.0	0.0	0.0	1.0	0.0005565862708719852	0.025974025974025976	0	0	0	0	0	0	0	0	0.8773654916512059	0	0	0	0.006957328385899814	0	0	0	0	0	0	0.08970315398886827	0	0	0	0	0	0	0	0	0	0	0	0	0.018367346938775512	0	0	0.007606679035250464	0	0	0	0	0	0	0	0	0	0	0	0	0	0	0	0	0	0	0	0	0	0	0	0	0	0	0
45916	S7_P_ST_33B	2.1083380146055695	1.0114758045100714	0.01613032661905144	1.0114758045100714	0.01613032661905144	0.0	0.0	0.0	0.0	1.0	0.0004815022871358639	0.029130888371719767	0	0	0	0	0	0	0	0	0.875210657250622	0	0	0	0.00489527325254795	0	0	0	0	0	0	0.09076318112511035	0	0	0	0	0	0	0	0	0	0	0	0	0.01845758767354145	0	0	0.010673300698178316	0	0	0	0	0	0	0	0	0	0	0	0	0	0	0	0	0	0	0	0	0	0	0	0	0	0	0
45788	S3_E_ST_39B	1.4918615314076111	1.012532477456824	0.012456059911355647	1.011653675683937	0.012417851138621427	0.0008788017728870548	3.8208772734219776e-05	0.0	0.0	1.0	0.0002674614091395384	0.02563808650466147	0	0	0	0	0	0	0	0	0.8811325080238422	0	0	0	0.00867339141066789	0	0	0	0	0	0	0.08455601406082837	0	0	0	0	0	0	0	0	0	0.019295430230780987	0	0	0	0	0	0	0.006342656273880483	0	0	0	0	0	0	0	0	0	0	0	0	0	0	0	0	0	0	0	0	0	0	0	0	0	0
45832	S7_P_LT_35A	1.5036632476355403	1.0139425425158741	0.014430975533946094	1.0139425425158741	0.014430975533946094	0.0	0.0	0.0	0.0	1.0	0.0002664180098574664	0.029128369077749655	0	0	0	0	0	0	0	0	0.8581324097508991	0	0	0	0.006172017228364637	0	0	0	0	0	0	0.10656720394298655	0	0	0	0	0	0	0	0	0	0	0	0	0.020203365747524533	0	0	0.008925003330225124	0	0	0	0	0	0	0	0	0	0	0	0	0	0	0	0	0	0	0	0	0	0	0	0	0	0	0
45915	S7_P_ST_30B	2.3539173726963054	1.011180015721897	0.015896584854572453	1.011180015721897	0.015896584854572453	0.0	0.0	0.0	0.0	1.0	0.000524063236963927	0.029871604506943837	0	0	0	0	0	0	0	0	0.8666259061926805	0	0	0	0.0061140710979124815	0	0	0	0	0	0	0.09738841820246309	0	0	0	0	0	0	0	0	0	0	0	0	0.02087518560572976	0	0	0.00899641890121408	0	0	0	0	0	0	0	0	0	0	0	0	0	0	0	0	0	0	0	0	0	0	0	0	0	0	0
45790	S3_P_LT_31A	1.4167120453060336	1.017044216946199	0.011707688956654324	1.0164724460901764	0.011571553038553692	0.00010890873448050534	2.7227183620126335e-05	0.0004628621215421477	0.00010890873448050534	1.0	0.000163363101720758	0.027308865170986713	0	0	0	0	0	0	0	0	0.8583641908081028	0	0	0	0.009257242430842954	0	0	0	0	0	0	0.10506970159006752	0	0	0	0	0	0	0	0	0	0.021945109997821826	0	0	0	0	0	0	0.005363755173164888	0	0	0	0	0	0	0	0	0	0	0	0	0	0	0	0	0	0	0	0	0	0	0	0	0	0
45831	S7_P_LT_33A	1.465586257821305	1.0166336325832652	0.013679996890909797	1.0166336325832652	0.013679996890909797	0.0	0.0	0.0	0.0	1.0	0.00023318176518596245	0.030041584081458163	0	0	0	0	0	0	0	0	0.8471882165481326	0	0	0	0.00664568030779993	0	0	0	0	0	0	0.1161245190626093	0	0	0	0	0	0	0	0	0	0	0	0	0.021258404259453578	0	0	0.008783179822004586	0	0	0	0	0	0	0	0	0	0	0	0	0	0	0	0	0	0	0	0	0	0	0	0	0	0	0
45829	S7_P_field	1.4942212438084754	1.0145386167675656	0.013346175013758944	1.0145386167675656	0.013346175013758944	0.0	0.0	0.0	0.0	1.0	0.000275178866263071	0.029123096679508347	0	0	0	0	0	0	0	0	0.8544303797468354	0	0	0	0.007659145110988809	0	0	0	0	0	0	0.1087873784626674	0	0	0	0	0	0	0	0	0	0	0	0	0.02082186754723904	0	0	0.008301229132269309	0	0	0	0	0	0	0	0	0	0	0	0	0	0	0	0	0	0	0	0	0	0	0	0	0	0	0
45787	S3_E_LT_35A	1.4760405205448268	1.0207155594339266	0.014113897636301552	1.019539401297568	0.01403801646621391	0.0010623363812269984	3.794058504382138e-05	0.00011382175513146413	3.794058504382138e-05	1.0	0.0003414652653943924	0.025116667299009753	0	0	0	0	0	0	0	0	0.8636415373525059	0	0	0	0.00906779982547331	0	0	0	0	0	0	0.0986834616989794	0	0	0	0	0	0	0	0	0	0.020298212998444438	0	0	0	0	0	0	0.004818454300565315	0	0	0	0	0	0	0	0	0	0	0	0	0	0	0	0	0	0.0027696627081989604	0	0.00045528702052585653	0.0002655840953067496	0	0	0	0	0
45888	S3_E_ST_30B	1.9118196537551375	1.0146967243741438	0.015070369909079586	1.0145099016066759	0.015008095653256944	0.00018682276746792876	6.227425582264292e-05	0.0	0.0	1.0	0.0003736455349358575	0.03026528832980446	0	0	0	0	0	0	0	0	0.871652758749533	0	0	0	0.009403412629219081	0	0	0	0	0	0	0.08867854029144352	0	0	0	0	0	0	0	0	0	0.02154689251463445	0	0	0	0	0	0	0.008718395815170008	0	0	0	0	0	0	0	0	0	0	0	0	0	0	0	0	0	0	0	0	0	0	0	0	0	0
45830	S7_P_LT_31A	2.1555122373835824	1.00985488412389	0.020251245397444228	1.00985488412389	0.020251245397444228	0.0	0.0	0.0	0.0	1.0	0.0007580680095299979	0.03465453757851419	0	0	0	0	0	0	0	0	0.8575915096382932	0	0	0	0.005847953216374269	0	0	0	0	0	0	0.10190599956681828	0	0	0	0	0	0	0	0	0	0	0	0	0.02046783625730994	0	0	0.008880225254494261	0	0	0	0	0	0	0	0	0	0	0	0.005306476066709985	0	0	0	0	0	0	0	0	0	0	0	0	0	0	0
45889	S3_E_ST_33B	2.0975712333088	1.0109347071811587	0.019556303227841448	1.010093575859531	0.019451161812637997	0.0008411313216275891	0.00010514141520344864	0.0	0.0	1.0	0.0007359899064241404	0.03133214173062769	0	0	0	0	0	0	0	0	0.8763536957207444	0	0	0	0.010619282935548313	0	0	0	0	0	0	0.08169487961307959	0	0	0	0	0	0	0	0	0	0.01850488907580696	0	0	0	0	0	0	0.007885606140258648	0	0	0	0	0	0	0	0	0	0	0	0	0	0.004941646514562086	0	0	0	0	0	0	0	0	0	0	0	0
45890	S3_E_ST_36B	2.414060480744378	1.0074954768674076	0.02016024812613078	1.005944688550013	0.020031015766347894	0.0015507883173946756	0.00012923235978288964	0.0	0.0	1.0	0.0009046265184802275	0.03644352545877488	0	0	0	0	0	0	0	0	0.8714138020160248	0	0	0	0.008787800465236495	0	0	0	0	0	0	0.08335487205996381	0	0	0	0	0	0	0	0	0	0.020806409925045233	0	0	0	0	0	0	0.009821659343499612	0	0	0	0	0	0	0	0	0	0	0	0	0	0.005815456190230033	0	0	0	0	0	0	0	0	0	0	0	0
45797	S4_E_LT_35A	1.649805591557119	1.0428809479725976	0.014034438067024625	1.0427698574338085	0.013997407887428254	0.0	0.0	0.00011109053878911313	3.703017959637104e-05	1.0	0.0003332716163673394	0.025032401407146826	0	0	0	0	0	0	0	0	0.809887057952231	0	0	0	0.04195519348268839	0	0	0	0	0.02869838918718756	0	0	0	0	0	0.03714127013516016	0	0	0.035400851694130715	0	0.021884836141455286	0	0	0	0	0.017293093871505277	0	0	0	0	0	0	0	0	0	0.007739307535641548	0	0	0	0	0	0	0	0	0	0	0	0	0	0	0	0	0	0	0
45896	S4_E_ST_36B	3.3143739778302743	1.0474286752680355	0.019443939669271305	1.0372524077775758	0.018444484826458295	0.0	0.0	0.010176267490459748	0.000999454842813011	1.0	0.0011811739051426494	0.03779756496456478	0	0	0	0	0	0	0	0	0.8048337270579684	0	0	0	0.041522805742322366	0	0	0	0	0.027621297474105033	0	0	0	0	0	0.03607123387243322	0	0	0.027166999818280937	0	0.024986371070325277	0	0	0	0	0.01126658186443758	0	0	0	0	0.006360167181537343	0	0.0059058695257132475	0	0.004724695620570598	0.004997274214065055	0	0.004542976558240959	0	0	0	0	0	0	0	0	0	0	0	0	0	0	0	0	0
45895	S4_E_ST_33B	2.4749979472863126	1.0353887839724116	0.019049183019952377	1.0353887839724116	0.019049183019952377	0.0	0.0	0.0	0.0	1.0	0.0009853025699975368	0.035717218162410705	0	0	0	0	0	0	0	0	0.7975203218655063	0	0	0	0.04327120453239182	0	0	0	0	0.033910830117415226	0	0	0	0	0	0.03522456687741194	0	0	0.028245340339929387	0	0.026110518104934723	0	0	0	0	0.013794235979965515	0	0	0	0	0.005419164134986452	0	0.006732900894983167	0	0.004187535922489531	0.005583381229986042	0	0	0	0	0	0	0	0	0	0	0	0	0	0	0	0	0	0	0
45796	S4_E_LT_33A	1.6074950690335306	1.0388267952370516	0.014829425085835343	1.0380597560084739	0.014756373730732705	0.0	0.0	0.0007670392285776902	7.305135510263716e-05	1.0	0.0005113594857184601	0.0481773686901892	0	0	0	0	0	0	0	0	0.7764628533859304	0	0	0	0.049127036306523486	0	0	0	0	0.02644459054715465	0	0	0	0	0	0.03849806413908978	0	0	0.030425889400248374	0	0.030864197530864196	0	0	0	0	0.015121630506245891	0	0	0	0	0.004748338081671415	0	0.005698005698005698	0.006793776024545255	0.005734531375557016	0.0056614800204543795	0	0.004419606983709547	0	0	0	0	0	0	0	0	0	0	0	0	0	0	0	0	0
45798	S4_E_ST_39B	1.7575533722390486	1.0397429267932334	0.019354362118637808	1.039521311959814	0.019280490507497968	0.0	0.0	0.00022161483341951688	7.387161113983896e-05	1.0	0.0011819457782374233	0.04062938612691143	0	0	0	0	0	0	0	0	0.7959666100317648	0.004801654724089532	0	0	0.03471965723572431	0.00642683016916599	0	0	0	0.03531063012484302	0	0	0	0	0	0.03183866440127059	0	0	0.027997340621998965	0	0.022309226564231364	0	0	0	0	0.008125877225382286	0	0	0	0	0.005983600502326956	0	0	0.007239417891704218	0.005318756002068405	0	0	0.004506168279530176	0	0	0.005097141168648889	0.004358425057250499	0	0	0	0	0	0	0	0	0	0	0	0	0
45894	S4_E_ST_30B	2.615588655376454	1.0244167856899953	0.017207372645038427	1.0193157858940352	0.016867305991974425	0.0	0.0	0.005100999795960008	0.00034006665306400053	1.0	0.0011562266204176018	0.04781337142079847	0	0	0	0	0	0	0	0	0.7873903285043868	0	0	0	0.03883561177990886	0	0	0	0	0.029517785485955246	0	0	0	0	0	0.03244235870230565	0	0	0.02965381214718085	0	0.028429572196150447	0	0	0	0	0.017003332653200028	0	0	0	0	0.004488879820444807	0	0.004284839828606407	0.004964973134734408	0.00625722641637761	0.006461266408216011	0	0	0	0	0.004352853159219207	0	0	0	0	0	0	0	0	0	0	0	0.002924573216350405	0.002516493232673604	0.00047609331428960077
45795	S4_E_LT_31A	1.6151735881184373	1.0344811276132817	0.01466275659824047	1.0343392299687826	0.014615457383407436	0.0	0.0	0.00014189764449910132	4.729921483303377e-05	1.0	0.0007094882224955066	0.06243496357960458	0	0	0	0	0	0	0	0	0.7645445085611579	0	0	0	0.04881278970769085	0	0	0	0	0.026913253239996215	0	0	0	0	0	0.03916374988175196	0	0	0.028048434395989027	0	0.03008230063380948	0	0	0	0	0.011115315485762936	0	0	0	0	0.00841926024028001	0	0.0064799924321256265	0.009317945322107652	0.007378677513953268	0	0	0.004966417557468546	0	0	0	0.008230063380947877	0	0.00652729164695866	0	0	0	0	0	0	0	0	0	0	0
45794	S4_E_field	1.7989244099193307	1.029817747236331	0.017089931281744845	1.029817747236331	0.017089931281744845	0.0	0.0	0.0	0.0	1.0	0.0010158350761876307	0.067463400059755	0	0	0	0	0	0	0	0	0.7516582013743651	0	0	0	0.04601135345085151	0	0	0	0	0.02880191216014341	0	0	0	0	0	0.04099193307439498	0	0	0.030953092321481922	0	0.034120107559008066	0	0	0	0	0.015058261129369584	0	0	0	0	0.005736480430236032	0	0.007409620555721541	0.007230355542276665	0.006214520466089035	0.007469375560203167	0	0.004421870331640275	0	0.005198685389901404	0.004421870331640275	0	0	0	0.004302360322677024	0	0	0	0	0	0	0	0	0	0
45904	S5_P_ST_33B	2.0680375502905677	1.0068842199374162	0.01707644166294144	1.0068842199374162	0.01707644166294144	0.0	0.0	0.0	0.0	1.0	0.000894054537326777	0.03683504693786321	0	0	0	0	0	0	0	0	0.8693786320965579	0	0	0.01984801072865445	0.026106392489941885	0	0	0.01636119803308002	0	0	0	0	0	0	0	0	0	0	0	0.03147071971390255	0	0	0.015467143495753241	0.013142601698703621	0	0	0.008225301743406348	0	0	0	0	0	0	0	0	0	0	0	0	0	0	0	0	0	0	0	0	0	0	0	0	0	0	0	0
45810	S5_P_LT_31A	1.6615384615384616	1.0234714003944774	0.01722550953320184	1.0234714003944774	0.01722550953320184	0.0	0.0	0.0	0.0	1.0	0.0006574621959237344	0.03445101906640368	0	0	0	0	0	0	0	0	0.7959894806048652	0	0	0.05332018408941486	0.05055884286653518	0	0	0.034911242603550295	0	0	0	0	0	0.006180144641683104	0	0	0	0	0	0.024589086127547666	0	0	0.015253122945430637	0.013083497698882314	0	0	0.00611439842209073	0	0	0	0	0	0	0	0	0	0	0	0	0	0	0	0	0	0	0	0	0	0	0	0	0	0	0	0
45812	S5_P_LT_35A	1.5623619667557829	1.0188887597349763	0.015052888527257934	1.0188887597349763	0.015052888527257934	0.0	0.0	0.0	0.0	1.0	0.0006393118679530397	0.03597582238753923	0	0	0	0	0	0	0	0	0.8450540509124724	0	0	0.03353481343717308	0.03417412530512612	0	0	0.022666511681971407	0	0	0	0	0	0.004823898640009299	0	0	0	0	0	0.023770777635708475	0	0	0.015227246309426944	0.012495641055445775	0	0	0.008252935022666512	0	0	0	0	0	0	0	0	0	0	0	0	0	0	0	0	0	0	0	0	0	0	0	0	0	0	0	0
45813	S5_P_ST_39B	1.5487196541403392	1.0175008313934153	0.012512470901230463	1.0175008313934153	0.012512470901230463	0.0	0.0	0.0	0.0	1.0	0.0004572663784502827	0.044022281343531755	0	0	0	0	0	0	0	0	0.9008979048885933	0	0	0.009436315264383106	0.014383106085799801	0	0	0.007690389092118391	0	0	0	0	0	0	0	0	0	0	0	0.02357000332557366	0	0	0.01575490522115065	0.013427003658131027	0	0	0.009644163618224144	0	0	0	0	0	0	0	0	0	0.005196208846025939	0	0	0	0	0	0	0	0	0	0	0	0	0	0	0	0	0	0
45811	S5_P_LT_33A	1.540348020759133	1.0065635494047014	0.013992062684440826	1.0065635494047014	0.013992062684440826	0.0	0.0	0.0	0.0	1.0	0.0006105627353210542	0.05779993894372647	0	0	0	0	0	0	0	0	0.8789050574946575	0	0	0.008344357382721074	0.013534140632950036	0	0	0.007123231912078966	0	0	0	0	0	0	0	0	0	0	0	0.03429327363386588	0	0	0.024218988501068486	0.01974152844204742	0	0	0.009616363081306605	0	0	0	0	0	0	0	0	0	0.0042230589193039585	0	0	0	0	0	0	0	0	0	0	0	0	0	0	0	0	0	0
45903	S5_P_ST_30B	2.377295492487479	1.0101279910962715	0.019365609348914858	1.0101279910962715	0.019365609348914858	0.0	0.0	0.0	0.0	1.0	0.001001669449081803	0.05242070116861436	0	0	0	0	0	0	0	0	0.9102949360044519	0	0	0	0.009794101279910962	0	0	0	0	0	0	0	0	0	0	0	0	0	0	0.027490261547022814	0	0	0.018920422927100722	0.01847523650528659	0	0	0.010239287701725098	0	0	0	0	0	0	0	0	0	0.004785754034501948	0	0	0	0	0	0	0	0	0	0	0	0	0	0	0	0	0	0
45905	S5_P_ST_36B	2.858307849133537	1.00158568354287	0.01766904519198097	1.00158568354287	0.01766904519198097	0.0	0.0	0.0	0.0	1.0	0.0010193679918450561	0.05198776758409786	0	0	0	0	0	0	0	0	0.9109751953788651	0	0	0	0.00690904972250538	0	0	0	0	0	0	0	0	0	0	0	0	0	0	0.030127987314531656	0	0	0.019028202514441046	0.014950730547060823	0	0	0.01200588968173066	0	0	0	0	0	0	0	0	0	0.00600294484086533	0	0	0	0	0	0	0	0	0	0	0	0	0	0	0	0	0	0
45809	S5_P_field	1.500943480995597	1.01154641027945	0.012579746607961182	1.01154641027945	0.012579746607961182	0.0	0.0	0.0	0.0	1.0	0.00044927666457004225	0.05440740407943211	0	0	0	0	0	0	0	0	0.9036301554497259	0	0	0	0.005615958307125528	0	0	0	0	0	0	0	0	0	0	0	0	0	0	0.036346482163716415	0	0	0.02170006289873304	0.01851019858028574	0	0	0.009749303621169917	0	0	0	0	0	0	0	0	0	0.004447838979243418	0	0	0	0	0	0	0	0	0	0	0	0	0	0	0	0	0	0
seq_accession																						883	965	5444	70735	930	5893	10912	66507	10914	921	10915	2796	3660	2055	70739	7327	70740	70738	4911	2069	70737	4527	10098	10096	8504	30814	9390	70742	70741	70736	10672	10539	54515	54877	54878	54511	7561	8177	60672	1090	54512	1438	1068	54897	54921	10929	1584	9999	9997	2459	10000	10939	854	853	1730
meta_info_summary	Output as part of data_analysis ID: 52; Number of data_set objects as part of analysis = 38; submitting_user: bcchume; time_stamp: 2019-02-21_08-04-43.255493																																																																											
data_set_info	Data_set ID: 278; Data_set name: 20190221_CBASS_84_classic; submitting_user: not supplied; time_stamp: 2019-02-20_23-28-27.750276																																																																											
